Version 0.9.7
7
 4 84 250 77 128 0 1
 5 80 400 206 81 2 2
 0 312 237 877 276 8 3
 1 541 56 206 81 142 4
 1 399 665 206 81 152 5
 3 715 579 203 58 176 6
 6 772 12 449 130 185 7
 0
42
 16711680 5 145 264 145 264 145 251 145 251 365 251 365 251 0 1 0 3
 16711680 5 145 277 145 277 180 277 180 485 365 485 365 485 0 1 0 3
 16711680 5 456 303 456 303 456 303 456 251 456 251 456 251 0 3 0 3
 32768 5 145 363 145 363 145 498 145 498 365 498 365 498 0 1 0 3
 32768 5 145 350 218 350 218 297 365 297 365 264 365 264 0 1 0 3
 32768 5 599 446 599 446 599 446 599 498 599 498 599 498 0 3 0 3
 32768 5 404 264 404 264 404 158 556 158 556 125 556 125 0 3 0 4
 32768 5 378 498 378 498 378 734 378 734 414 734 414 734 0 3 0 5
 16711680 5 391 485 391 485 391 676 391 676 414 676 414 676 0 3 0 5
 16711680 5 378 251 378 251 373 251 373 145 556 145 556 67 0 3 0 4
 16711808 5 550 676 550 676 550 444 489 444 489 446 495 446 0 5 0 3
 16711808 5 482 446 482 446 482 455 531 455 531 676 531 676 0 3 0 5
 16711808 5 508 446 498 446 498 432 569 432 569 676 569 676 0 3 0 5
 16711808 5 521 446 521 446 588 446 588 446 588 676 588 676 0 3 0 5
 16776960 5 469 407 469 407 469 476 512 476 512 676 512 676 0 3 0 5
 16776960 5 469 342 469 342 447 342 447 491 493 491 493 676 0 3 0 5
 16776960 5 495 342 495 257 431 257 431 524 474 524 474 676 0 3 0 5
 16776960 5 521 342 521 248 414 248 414 546 455 546 455 676 0 3 0 5
 8421631 5 456 407 456 407 327 407 327 17 730 17 730 67 0 3 0 4
 8421631 5 482 303 346 303 346 25 711 25 711 67 711 67 0 3 0 4
 8421631 5 508 303 508 303 360 303 360 34 692 34 692 67 0 3 0 4
 8421631 5 534 303 534 303 375 303 375 45 673 45 673 67 0 3 0 4
 8421631 5 788 39 788 39 768 39 768 39 768 251 768 251 0 7 0 3
 65535 5 911 303 911 303 911 303 911 251 911 251 911 251 0 3 0 3
 4194368 5 1002 446 1002 446 1002 446 1002 498 1002 498 1002 498 0 3 0 3
 32896 5 950 303 950 303 950 198 1121 198 1121 135 1121 135 0 3 0 7
 32896 5 963 303 963 303 963 180 1134 180 1134 135 1134 135 0 3 0 7
 32896 5 976 303 976 303 976 168 1147 168 1147 135 1147 135 0 3 0 7
 32896 5 989 303 989 303 989 153 1160 153 1160 135 1160 135 0 3 0 7
 32896 5 1002 303 1002 303 1002 135 1002 135 1173 135 1173 135 0 3 0 7
 32896 5 924 303 924 303 924 128 1186 128 1186 135 1186 135 0 3 0 7
 32896 5 937 303 937 303 937 118 1199 118 1199 135 1199 135 0 3 0 7
 8388736 5 989 446 989 446 989 649 901 649 901 623 901 623 0 3 0 6
 8388736 5 911 446 911 446 934 446 934 635 881 635 881 623 0 3 0 6
 8388736 5 861 623 861 623 957 623 957 446 924 446 924 446 0 6 0 3
 8388736 5 976 446 976 446 976 671 841 671 841 623 841 623 0 3 0 6
 8421440 5 534 407 534 372 478 372 478 70 597 70 597 67 0 3 0 4
 8421440 5 547 407 547 407 513 407 513 52 616 52 616 67 0 3 0 4
 8421440 5 1015 407 1015 407 1015 427 560 427 560 407 560 407 0 3 0 3
 8421440 5 937 407 937 407 937 416 573 416 573 407 573 407 0 3 0 3
 8421440 5 950 407 950 407 950 401 586 401 586 407 586 407 0 3 0 3
 8421440 5 989 407 989 407 989 342 989 342 599 342 599 342 0 3 0 3
2
 7047 1 16 918 355 5 0 0 8583448 3
 7181 1 24 450 355 5 0 0 8583448 3
