Version 0.9.7
5
 4 10 175 77 128 0 1
 5 80 400 206 81 2 2
 0 110 110 877 276 8 3
 1 110 426 206 81 142 4
 3 350 438 203 58 154 5
 0
19
 255 5 163 215 163 215 163 215 71 215 71 215 71 215 0 3 0 1
 0 5 71 288 71 288 71 358 71 358 163 358 163 358 0 1 0 3
 0 5 254 319 254 319 248 319 248 358 254 358 254 358 0 3 0 3
 255 5 71 189 71 189 71 137 71 137 163 137 163 137 0 1 0 3
 0 5 125 495 125 495 70 495 70 371 163 371 163 371 0 4 0 3
 255 5 71 228 71 228 71 228 125 228 125 437 125 437 0 1 0 4
 65408 5 241 176 241 176 303 176 303 437 299 437 299 437 0 3 0 4
 65408 5 215 189 215 189 283 189 283 437 280 437 280 437 0 3 0 4
 65408 5 202 202 202 202 266 202 266 437 261 437 261 437 0 3 0 4
 65408 5 176 215 176 215 246 215 246 437 242 437 242 437 0 3 0 4
 16777088 5 223 437 223 437 221 437 221 215 254 215 254 215 0 4 0 3
 16777088 5 228 176 228 176 203 176 203 450 204 450 204 450 0 3 0 4
 16777088 5 189 202 189 202 138 202 138 437 185 437 185 437 0 3 0 4
 16777088 5 163 319 163 319 154 319 154 437 166 437 166 437 0 3 0 4
 0 5 361 475 361 475 332 475 332 475 332 371 332 371 0 5 0 3
 0 5 345 371 345 371 345 371 345 358 345 358 345 358 0 3 0 3
 16711935 5 215 280 215 280 378 280 378 513 396 513 396 482 0 3 0 5
 16711935 5 228 293 228 293 385 293 385 538 416 538 416 482 0 3 0 5
 16711935 5 241 306 241 306 371 306 371 546 436 546 436 482 0 3 0 5
1
 7085 1 16 157 228 5 0 0 11480 3
