Version 0.9.7
6
 4 10 175 77 128 0 1
 5 80 400 206 81 2 2
 0 109 130 877 276 8 3
 3 323 427 203 58 140 4
 1 107 410 206 81 149 5
 6 456 0 449 130 159 6
 0
46
 0 5 71 249 71 249 115 249 115 157 162 157 162 157 0 1 0 3
 255 5 331 339 331 339 331 339 331 378 331 378 331 378 0 3 0 3
 0 5 331 196 331 196 331 196 331 157 331 157 331 157 0 3 0 3
 255 5 71 202 71 202 96 202 96 421 122 421 122 421 0 1 0 5
 0 5 334 464 334 464 344 464 344 464 344 391 344 391 0 4 0 3
 255 5 539 196 539 196 538 196 538 144 539 144 539 144 0 3 0 3
 65280 5 279 339 273 339 273 380 157 380 157 447 163 447 0 3 0 5
 65280 5 182 447 174 447 174 389 301 389 301 339 305 339 0 5 0 3
 65280 5 201 447 194 447 194 396 365 396 365 339 370 339 0 5 0 3
 65280 5 220 447 220 447 214 447 214 447 214 339 214 339 0 5 0 3
 65280 5 214 287 214 287 214 287 214 248 214 248 214 248 0 3 0 3
 65280 5 214 196 214 196 214 188 357 188 357 196 357 196 0 3 0 3
 16711935 5 239 434 239 434 227 434 227 434 227 339 227 339 0 5 0 3
 16711935 5 227 287 227 287 227 287 227 248 227 248 227 248 0 3 0 3
 16711935 5 227 209 227 209 227 203 279 203 279 209 279 209 0 3 0 3
 16711935 5 318 339 318 339 248 339 248 434 258 434 258 434 0 3 0 5
 16711935 5 357 339 357 339 266 339 266 434 277 434 277 434 0 3 0 5
 16711935 5 344 235 344 235 344 228 383 228 383 235 383 235 0 3 0 3
 16711935 5 296 447 305 447 305 421 383 421 383 339 383 339 0 5 0 3
 0 5 318 209 318 209 312 209 312 157 318 157 318 157 0 3 0 3
 4227327 5 292 235 292 235 292 236 396 236 396 235 396 235 0 3 0 3
 4227327 5 604 339 604 339 604 347 396 347 396 339 396 339 0 3 0 3
 4227327 5 292 339 292 339 292 353 552 353 552 339 552 339 0 3 0 3
 4227327 5 344 339 344 339 344 361 539 361 539 339 539 339 0 3 0 3
 4227327 5 370 222 370 222 370 217 409 217 409 222 409 222 0 3 0 3
 4227327 5 305 222 305 222 305 215 201 215 201 222 201 222 0 3 0 3
 4227327 5 201 248 201 248 201 248 201 287 201 287 201 287 0 3 0 3
 16711680 5 565 300 565 300 565 293 591 293 591 300 591 300 0 3 0 3
 16711680 5 591 313 591 313 584 313 584 378 591 378 591 378 0 3 0 3
 16776960 5 565 196 565 196 565 196 571 196 571 123 571 123 0 3 0 6
 16776960 5 552 209 552 209 557 209 557 123 558 123 558 123 0 3 0 6
 16776960 5 630 222 630 214 546 214 546 123 545 123 545 123 0 3 0 6
 16776960 5 604 209 604 209 599 209 599 135 519 135 519 123 0 3 0 6
 32768 5 493 123 479 123 479 227 578 227 578 235 578 235 0 6 0 3
 32768 5 532 123 532 123 527 123 527 245 617 245 617 235 0 6 0 3
 32768 5 506 123 506 123 506 221 591 221 591 222 591 222 0 6 0 3
 16744448 5 929 144 929 144 1035 144 1035 378 929 378 929 378 0 3 0 3
 16744448 5 201 339 201 339 155 339 155 521 369 521 369 471 0 3 0 4
 16744448 5 71 288 71 288 43 288 43 479 122 479 122 479 0 1 0 5
 16744448 5 175 144 72 144 72 56 472 56 472 27 472 27 0 3 0 6
 16744448 5 409 248 409 248 409 248 409 287 409 287 409 287 0 3 0 3
 16744448 5 396 248 396 248 396 248 396 287 396 287 396 287 0 3 0 3
 16744448 5 383 248 383 248 383 248 383 287 383 287 383 287 0 3 0 3
 16744448 5 929 157 929 157 1076 157 1076 391 929 391 929 391 0 3 0 3
 16744448 5 630 339 630 339 630 339 630 391 630 391 630 391 0 3 0 3
 16744448 5 617 300 617 300 617 306 422 306 422 287 422 287 0 3 0 3
1
 7047 1 16 533 248 5 0 0 13124 3
